203 218
203 217
203 209
203 216
220 213
220 211
220 213
220 205
220 216
220 206
204 211
204 217
204 215
204 208
204 214
204 201
204 212
204 206
211 204
211 217
211 215
211 220
211 213
211 205
211 210
211 205
217 204
217 211
217 215
217 203
217 214
217 213
210 207
210 211
210 205
210 202
210 207
210 219
207 202
207 219
207 218
207 210
207 202
207 210
207 219
212 209
212 216
212 206
212 208
212 204
212 214
212 201
212 206
219 202
219 207
219 218
219 202
219 210
219 207
219 208
219 214
219 201
209 215
209 212
209 216
209 206
209 203
209 216
213 220
213 220
213 211
213 205
213 214
213 217
216 212
216 209
216 206
216 220
216 206
216 203
216 209
205 220
205 211
205 213
205 211
205 210
206 212
206 209
206 216
206 220
206 216
206 208
206 204
206 214
206 201
206 212
208 214
208 201
208 219
208 204
208 214
208 201
208 212
208 206
202 207
202 219
202 218
202 218
202 210
202 207
202 219
214 217
214 213
214 208
214 201
214 219
214 208
214 204
214 201
214 212
214 206
201 208
201 214
201 219
201 208
201 204
201 214
201 212
201 206
215 209
215 204
215 211
215 217
218 203
218 202
218 207
218 219
218 202
